2023-08-11 13:29:10.922476 : <selenium.webdriver.remote.webelement.WebElement (session="1f1c830e082ddff5a2f61d1608a90d61", element="E56955008BDCE61D5AFC867D1EC6BDB1_element_77")>
2023-08-11 13:29:38.751882 : nenasle se exponea banner
2023-08-11 13:29:38.823691 : gridy jdou videt
2023-08-11 13:29:38.832666 : gridy jdou videt
2023-08-11 13:29:38.841643 : gridy jdou videt
2023-08-11 13:29:38.849621 : gridy jdou videt
2023-08-11 13:29:38.857599 : gridy jdou videt
2023-08-11 13:29:38.865579 : gridy jdou videt
2023-08-11 13:29:38.874554 : gridy jdou videt
2023-08-11 13:29:38.884216 : gridy jdou videt
2023-08-11 13:29:38.893195 : gridy jdou videt
2023-08-11 13:29:38.901752 : gridy jdou videt
2023-08-11 13:29:38.911726 : gridy jdou videt
2023-08-11 13:29:38.920893 : gridy jdou videt
2023-08-11 13:29:38.930303 : gridy jdou videt
2023-08-11 13:29:38.939546 : gridy jdou videt
2023-08-11 13:29:38.948311 : gridy jdou videt
2023-08-11 13:29:38.957943 : gridy jdou videt
2023-08-11 13:29:38.967189 : gridy jdou videt
2023-08-11 13:29:39.017262 : content jdou videt
2023-08-11 13:29:39.026526 : content jdou videt
2023-08-11 13:29:39.036592 : content jdou videt
2023-08-11 13:29:39.046666 : content jdou videt
2023-08-11 13:29:39.056535 : content jdou videt
2023-08-11 13:29:39.066191 : content jdou videt
2023-08-11 13:29:39.076105 : content jdou videt
2023-08-11 13:29:39.085724 : content jdou videt
2023-08-11 13:29:39.095156 : content jdou videt
2023-08-11 13:29:39.106030 : content jdou videt
2023-08-11 13:29:39.116068 : content jdou videt
2023-08-11 13:29:39.126647 : content jdou videt
2023-08-11 13:29:39.135615 : content jdou videt
2023-08-11 13:29:39.145519 : content jdou videt
2023-08-11 13:29:39.155444 : content jdou videt
2023-08-11 13:29:39.165418 : content jdou videt
2023-08-11 13:29:39.173582 : content jdou videt
2023-08-11 13:29:39.179185 : https://kartagosk.stg.dtweb.cz/covid-info
2023-08-11 13:29:56.062305 : <selenium.webdriver.remote.webelement.WebElement (session="83fedac4dfd34182898302a804f46401", element="120EB526434CD5A3CAE4B376A55D7603_element_125")>
2023-08-11 13:29:56.228898 : <bound method WebElement.is_displayed of <selenium.webdriver.remote.webelement.WebElement (session="83fedac4dfd34182898302a804f46401", element="120EB526434CD5A3CAE4B376A55D7603_element_126")>>
2023-08-11 13:29:56.671348 : https://kartagosk.stg.dtweb.cz//egypt/hurghada/hurghada/amarina-abu-soma-resort?AC1=2&D=64419|64420|64425&DD=2023-10-01&DP=1837&DPR=KARTAGO-SK-ATCOM&DS=65536&GIATA=85&HID=9156&IC1=0&IFM=0&ILM=0&KC1=0&MNN=7&MT=5&NN=7&PID=HRG90013&RD=2023-10-08&TO=483|1837|2933|3437&acm1=2&df=2023-10-01|2023-10-31&nnm=7|8|9|10|11|12|13&tt=1&ttm=1#/preh%C4%BEad
2023-08-11 13:30:09.668000 : <selenium.webdriver.remote.webelement.WebElement (session="254fb44f79e87f01112a0f20217d3d74", element="A46317898057C0BB1FB20156517F9E5D_element_107")>
2023-08-11 13:30:14.967084 : its ok
2023-08-11 13:30:14.972070 : https://img.fischer.cz/hotels/egypt/oblast-hurghada/safaga/amarina-abu-soma-resort/197864.jpeg
2023-08-11 13:30:29.821159 : <selenium.webdriver.remote.webelement.WebElement (session="bea17efb1b57c4549b702afb10162b18", element="EB6A8D15D0CE74F6D733044B2D76A2D4_element_120")>
2023-08-11 13:30:36.103514 : else departure not true
2023-08-11 13:30:44.787732 : all inclusive
2023-08-11 13:30:46.788967 : 0
2023-08-11 13:30:46.996366 : ok
2023-08-11 13:30:46.996366 : ok
2023-08-11 13:30:46.996366 : ok
2023-08-11 13:30:46.996366 : ok
2023-08-11 13:30:46.996366 : ok
2023-08-11 13:30:46.996366 : ok
2023-08-11 13:30:46.996366 : ok
2023-08-11 13:30:46.996366 : ok
2023-08-11 13:30:46.996366 : ok
2023-08-11 13:30:46.996366 : ok
2023-08-11 13:30:46.996366 : ok
2023-08-11 13:30:46.996366 : ok
2023-08-11 13:30:46.996366 : ok
2023-08-11 13:30:46.996366 : ok
2023-08-11 13:30:46.996366 : ok
2023-08-11 13:30:46.996366 : ok
2023-08-11 13:30:46.996366 : ok
2023-08-11 13:30:46.996366 : ok
2023-08-11 13:30:46.996366 : ok
2023-08-11 13:30:46.996366 : ok
2023-08-11 13:30:46.996366 : ['all inclusive', 'all inclusive', 'all inclusive', 'all inclusive', 'all inclusive', 'all inclusive', 'all inclusive', 'all inclusive', 'all inclusive', 'all inclusive', 'all inclusive', 'all inclusive', 'all inclusive', 'all inclusive', 'all inclusive', 'all inclusive', 'all inclusive', 'all inclusive', 'all inclusive', 'all inclusive']
2023-08-11 13:30:47.001352 : https://kartagosk.stg.dtweb.cz//egypt/hurghada/hurghada/amarina-abu-soma-resort?AC1=2&D=64419|64420|64425&DD=2023-10-01&DP=1837&DPR=KARTAGO-SK-ATCOM&DS=65536&GIATA=85&HID=9156&IC1=0&IFM=0&ILM=0&KC1=0&MNN=7&MT=5&NN=7&PID=HRG90013&RD=2023-10-08&TO=483|1837|2933|3437&acm1=2&df=2023-10-01|2023-10-31&mtm=5&nnm=7|8|9|10|11|12|13&ptm=0&tt=1&ttm=1#/terminy-a-ceny
2023-08-11 13:30:59.416288 : <selenium.webdriver.remote.webelement.WebElement (session="2fab6fd82372948a7003ba3139abd465", element="02AE511DAD8D9E6CD7A727D2910B4BEC_element_122")>
2023-08-11 13:31:05.686420 : if departure==True
2023-08-11 13:31:21.981253 : equal to bratislava
2023-08-11 13:31:22.010928 : equal to bratislava
2023-08-11 13:31:22.040394 : equal to bratislava
2023-08-11 13:31:22.069799 : equal to bratislava
2023-08-11 13:31:22.099925 : equal to bratislava
2023-08-11 13:31:22.129698 : equal to bratislava
2023-08-11 13:31:22.160815 : equal to bratislava
2023-08-11 13:31:22.190168 : equal to bratislava
2023-08-11 13:31:22.222124 : equal to bratislava
2023-08-11 13:31:22.257030 : equal to bratislava
2023-08-11 13:31:22.293931 : equal to bratislava
2023-08-11 13:31:22.363235 : equal to bratislava
2023-08-11 13:31:22.389166 : equal to bratislava
2023-08-11 13:31:22.415097 : equal to bratislava
2023-08-11 13:31:22.439032 : equal to bratislava
2023-08-11 13:31:22.463967 : equal to bratislava
2023-08-11 13:31:22.487903 : equal to bratislava
2023-08-11 13:31:22.513790 : equal to bratislava
2023-08-11 13:31:22.541716 : equal to bratislava
2023-08-11 13:31:22.782868 : https://kartagosk.stg.dtweb.cz//egypt/hurghada/hurghada/amarina-abu-soma-resort?AC1=2&D=64419|64420|64425&DD=2023-10-01&DP=1837&DPR=KARTAGO-SK-ATCOM&DS=65536&GIATA=85&HID=9156&IC1=0&IFM=0&ILM=0&KC1=0&MNN=7&MT=5&NN=7&PID=HRG90013&RD=2023-10-08&TO=483|1837|2933|3437&acm1=2&df=2023-10-01|2023-10-31&nnm=7|8|9|10|11|12|13&ptm=0&tom=483&tt=1&ttm=1#/terminy-a-ceny
2023-08-11 13:31:33.901863 : <selenium.webdriver.remote.webelement.WebElement (session="f5e28ebdb27a1c35b816d5628ae1c12b", element="8726D7B95668AA1750E9FE954E844B80_element_69")>
2023-08-11 13:31:34.752592 : benefit item
2023-08-11 13:31:34.897206 : benefit item
2023-08-11 13:31:34.978987 : benefit item
2023-08-11 13:31:34.986976 : benefit item
2023-08-11 13:31:34.996939 : benefit item
2023-08-11 13:31:35.005915 : benefit item
2023-08-11 13:31:35.150529 : grind container
2023-08-11 13:31:35.159504 : grind container
2023-08-11 13:31:35.169479 : grind container
2023-08-11 13:31:35.178454 : grind container
2023-08-11 13:31:35.187430 : grind container
2023-08-11 13:31:35.197404 : grind container
2023-08-11 13:31:35.207378 : grind container
2023-08-11 13:31:35.217350 : grind container
2023-08-11 13:31:35.227324 : grind container
2023-08-11 13:31:35.236300 : grind container
2023-08-11 13:31:35.246273 : grind container
2023-08-11 13:31:35.255249 : grind container
2023-08-11 13:31:35.271207 : grind container
2023-08-11 13:31:35.280185 : grind container
2023-08-11 13:31:35.432804 : tile img
2023-08-11 13:31:35.442749 : tile img
2023-08-11 13:31:35.451726 : tile img
2023-08-11 13:31:35.461711 : tile img
2023-08-11 13:31:35.471696 : tile img
2023-08-11 13:31:35.480648 : tile img
2023-08-11 13:31:35.485634 : https://kartagosk.stg.dtweb.cz/uzitocne-informacie/mango-club
2023-08-11 13:31:49.973391 : <selenium.webdriver.remote.webelement.WebElement (session="fffcd20d9fb5e4295ac926c9fcf83c70", element="1BB769A01B1CA4D657799B709CC75451_element_111")>
2023-08-11 13:31:51.720726 : https://kartagosk.stg.dtweb.cz/first-minute/leto
2023-08-11 13:32:09.157063 : <selenium.webdriver.remote.webelement.WebElement (session="6581679ec0e1f32d18afac1eac442384", element="C408BE039422E8B17CDA67440C941ADC_element_60")>
2023-08-11 13:32:14.448093 : ZANZIBAR
2023-08-11 13:32:27.507283 : hote dlazdice klik
2023-08-11 13:32:32.206039 : GRÉCKO
2023-08-11 13:32:34.164716 : hote dlazdice klik
2023-08-11 13:32:39.607601 : TURECKO
2023-08-11 13:32:40.755937 : hote dlazdice klik
2023-08-11 13:32:45.496840 : EGYPT
2023-08-11 13:32:47.024761 : hote dlazdice klik
2023-08-11 13:32:51.004233 : KAPVERDY
2023-08-11 13:32:52.606196 : hote dlazdice klik
2023-08-11 13:32:56.829067 : MALEDIVY
2023-08-11 13:32:58.901507 : hote dlazdice klik
2023-08-11 13:33:04.691726 : DUBAJ
2023-08-11 13:33:06.556976 : hote dlazdice klik
2023-08-11 13:33:11.172353 : POISTENIE
2023-08-11 13:33:13.245103 : hote dlazdice klik
2023-08-11 13:33:18.056836 : PARKOVANIE
2023-08-11 13:33:19.567144 : hote dlazdice klik
2023-08-11 13:33:25.200563 : MIRAGE BAY
2023-08-11 13:33:26.319161 : hote dlazdice klik
2023-08-11 13:33:30.665643 : MITSIS
2023-08-11 13:33:32.036983 : hote dlazdice klik
2023-08-11 13:33:36.312883 : PRIMA LIFE
2023-08-11 13:33:38.636605 : hote dlazdice klik
2023-08-11 13:33:44.167193 : PICKALBATROS
2023-08-11 13:33:45.726685 : hote dlazdice klik
2023-08-11 13:33:50.982051 : TITANIC
2023-08-11 13:33:53.023600 : hote dlazdice klik
2023-08-11 13:33:57.449786 : MIRAGE
2023-08-11 13:33:59.175178 : hote dlazdice klik
2023-08-11 13:33:59.189141 : https://kartagosk.stg.dtweb.cz/bulharsko/burgas/nesebar/mirage?DS=65536&GIATA=296942&D=63484&HID=140090&DF=2023-08-17|2023-09-14&RD=2023-09-07&DD=2023-08-31&ERM=0&AC1=2&KC1=0&IC1=0&MNN=0|1|2|3|4|5|6|7|8|9|10|11|12|13|14|15|16|17|18|19|20|21|22|23|24|25|26&NNM=0|1|2|3|4|5|6|7|8|9|10|11|12|13|14|15|16|17|18|19|20|21|22|23|24|25|26&PID=BOJ90038&DPR=KARTAGO-SK-ATCOM
2023-08-11 13:34:15.202463 : <selenium.webdriver.remote.webelement.WebElement (session="9e3234557a0db44f251b20f5a3d32de2", element="96B5023918937E9A74ACEDBD0919A4A2_element_57")>
2023-08-11 13:34:15.454790 : ZANZIBAR
2023-08-11 13:34:31.844275 : GRÉCKO
2023-08-11 13:34:34.596269 : TURECKO
2023-08-11 13:34:37.298487 : EGYPT
2023-08-11 13:34:40.418048 : KAPVERDY
2023-08-11 13:34:42.963175 : MALEDIVY
2023-08-11 13:34:47.006321 : DUBAJ
2023-08-11 13:34:52.373758 : POISTENIE
2023-08-11 13:34:55.557314 : PARKOVANIE
2023-08-11 13:34:57.784577 : MIRAGE BAY
