2024-04-24 14:05:28.831878 : https://fischersk.web3.dtweb.cz//egypt/egypt-hurghada/makadi-bay/xanadu-makadi-bay?AC1=2&D=653|819|1235|724&DD=2024-10-03&DP=483&DPR=FISCHER+SK+ATCOM&DS=256&GIATA=1311753&HID=143982&IC1=0&IFM=0&ILM=0&KC1=0&MNN=7&MT=5&NN=7&PID=HRG00500&RC=DR01&RD=2024-10-10&TO=483|1837|2933|3437&acm1=2&df=2024-10-01|2024-10-31&nnm=7|8|9|10|11|12|13|14|15&ptm=0&tt=1&ttm=1#/preh%C4%BEad
2024-04-24 14:05:46.316716 : https://fischersk.web3.dtweb.cz//egypt/egypt-hurghada/makadi-bay/xanadu-makadi-bay?AC1=2&D=653|819|1235|724&DD=2024-10-03&DP=483&DPR=FISCHER+SK+ATCOM&DS=256&GIATA=1311753&HID=143982&IC1=0&IFM=0&ILM=0&KC1=0&MNN=7&MT=5&NN=7&PID=HRG00500&RC=DR01&RD=2024-10-10&TO=483|1837|2933|3437&acm1=2&df=2024-10-01|2024-10-31&nnm=7|8|9|10|11|12|13|14|15&ptm=0&tt=1&ttm=1#/preh%C4%BEad
2024-04-24 14:06:05.644487 : https://fischersk.web3.dtweb.cz//egypt/egypt-hurghada/makadi-bay/xanadu-makadi-bay?AC1=2&D=653|819|1235|724&DD=2024-10-03&DP=483&DPR=FISCHER+SK+ATCOM&DS=256&GIATA=1311753&HID=143982&IC1=0&IFM=0&ILM=0&KC1=0&MNN=7&MT=5&NN=7&PID=HRG00500&RC=DR01&RD=2024-10-10&TO=483|1837|2933|3437&acm1=2&df=2024-10-01|2024-10-31&nnm=7|8|9|10|11|12|13|14|15&ptm=0&tt=1&ttm=1#/preh%C4%BEad
2024-04-24 14:06:22.863447 : https://fischersk.web3.dtweb.cz//egypt/egypt-hurghada/makadi-bay/xanadu-makadi-bay?AC1=2&D=653|819|1235|724&DD=2024-10-03&DP=483&DPR=FISCHER+SK+ATCOM&DS=256&GIATA=1311753&HID=143982&IC1=0&IFM=0&ILM=0&KC1=0&MNN=7&MT=5&NN=7&PID=HRG00500&RC=DR01&RD=2024-10-10&TO=483|1837|2933|3437&acm1=2&df=2024-10-01|2024-10-31&nnm=7|8|9|10|11|12|13|14|15&ptm=0&tt=1&ttm=1#/preh%C4%BEad
2024-04-24 14:06:46.857095 : <selenium.webdriver.remote.webelement.WebElement (session="2213456ddef53f836a9a27c1bcfc0ee1", element="f.0FFB312A7E8A7E0809F130FEFB059D91.d.3F2A8E86FAD2484AB076DA879CF4FD10.e.404")>
2024-04-24 14:06:49.998715 : benefit item
2024-04-24 14:06:50.008688 : benefit item
2024-04-24 14:06:50.018661 : benefit item
2024-04-24 14:06:50.027637 : benefit item
2024-04-24 14:06:50.040603 : benefit item
2024-04-24 14:06:50.195190 : grind container
2024-04-24 14:06:50.205164 : grind container
2024-04-24 14:06:50.214140 : grind container
2024-04-24 14:06:50.223116 : grind container
2024-04-24 14:06:50.232092 : grind container
2024-04-24 14:06:50.242065 : grind container
2024-04-24 14:06:50.252039 : grind container
2024-04-24 14:06:50.298914 : grind container
2024-04-24 14:06:50.308886 : grind container
2024-04-24 14:06:50.319857 : grind container
2024-04-24 14:06:50.328833 : grind container
2024-04-24 14:06:50.337809 : grind container
2024-04-24 14:06:50.347783 : grind container
2024-04-24 14:06:50.495389 : tile img
2024-04-24 14:06:50.506360 : tile img
2024-04-24 14:06:50.511346 : https://fischersk.web3.dtweb.cz/dovolenka-s-klubovym-programom
